0.3524 -0.6211
0.047 -0.8369
0.5276 0.0218
-0.6529 -0.1863
-0.0349 -0.586
-0.1225 -0.9968
0.5896 0.4714
0.6354 0.7356
-0.9446 -0.6079
0.8436 0.8268
-0.2754 -0.8467
0.428 0.1274
0.0823 -0.9717
-0.3931 -0.3698
-0.1663 -0.7555
-0.8906 0.565
0.5001 -0.5319
-0.9082 -0.0307
0.3343 0.0425
-0.9615 0.1413
-0.3054 0.8298
-0.3097 -0.5248
0.7586 -0.9962
-0.7002 0.3838
0.113 0.4202
0.8969 0.8113
0.2948 0.3243
0.8673 -0.0311
0.4257 0.6801
0.73 -0.9541
-0.1509 0.3952
0.6648 0.6049
0.1637 0.8625
0.8886 -0.5157
-0.5817 0.1172
-0.0007 0.532
-0.26 0.7558
0.8521 0.5199
-0.4079 0.0244
0.999 0.8738
0.7966 -0.2601
-0.425 0.7917
-0.0832 -0.685
0.618 -0.4023
0.5461 -0.5191
0.9428 0.8803
-0.5265 -0.2904
0.5133 -0.7649
0.0795 -0.5313
0.0574 -0.7572
-0.7752 0.9289
0.0944 0.3696
-0.7837 0.0157
0.8741 0.3691
0.1907 -0.3107
-0.9401 0.6216
0.338 -0.5459
0.3922 0.548
0.2652 -0.222
0.5624 0.4234
0.4534 -0.4625
-0.6589 -0.2192
-0.1904 0.7415
-0.485 0.883
-0.4474 0.5883
0.4874 -0.3091
-0.548 -0.0841
-0.9075 0.9471
0.7392 0.7747
-0.9322 -0.5914
-0.3246 -0.8139
-0.9635 0.8898
-0.0105 0.4462
-0.2434 -0.7462
-0.3008 0.0913
0.6742 0.9572
0.2401 -0.4271
-0.983 -0.7427
-0.0742 -0.6498
0.6624 0.7571
-0.6583 -0.6162
0.0994 0.9613
0.182 0.0203
-0.9759 0.6563
0.0176 0.4345
-0.8716 0.4291
0.0819 -0.7982
-0.3079 0.9305
0.1379 -0.8771
0.5329 0.4694
-0.2021 -0.7019
-0.8157 -0.2166
0.9059 -0.4126
0.5593 -0.9265
-0.0953 0.707
0.6697 0.3576
-0.7243 -0.299
-0.7204 0.8039
0.2868 -0.2041
0.1207 -0.31
-0.8443 0.6143
0.0047 -0.5691
0.5342 0.1228
0.6669 0.01
-0.2762 -0.6474
0.4277 0.6986
-0.5275 -0.9121
-0.7553 0.09
-0.5019 -0.7886
-0.5893 -0.0246
0.2043 0.0712
-0.6837 -0.0974
-0.266 0.4347
0.3102 0.5376
-0.887 0.0621
0.8737 0.7507
0.1702 0.8675
0.9613 0.1599
-0.8852 -0.4003
-0.6045 -0.8106
-0.1021 0.1099
0.68 -0.8264
0.5539 0.7136
0.2373 0.7727
0.755 0.4632
0.9604 -0.1039
-0.7888 0.5225
0.1192 0.6905
0.3455 -0.6155
-0.0891 0.0386
-0.5053 0.6177
0.3386 -0.7835
0.8788 0.572
-0.2961 -0.7038
0.6887 0.752
0.0797 -0.9086
0.7648 0.7365
-0.735 0.5515
-0.478 -0.156
-0.996 0.088
-0.4431 0.7774
-0.6972 -0.3236
0.7012 0.7363
-0.6175 0.0143
-0.5179 0.0861
0.957 -0.0183
-0.3431 0.6265
0.0185 0.7475
-0.138 -0.5786
-0.9497 -0.1235
0.2809 0.6202
0.5283 -0.9156
0.1728 -0.4604
0.8328 -0.3645
-0.9696 0.5159
-0.3968 0.8762
0.9224 0.4278
-0.981 0.1879
0.2743 -0.1355
-0.8609 0.7255
-0.6441 -0.6508
0.1525 -0.6536
-0.9381 0.3874
-0.0595 -0.6683
0.4742 -0.8544
-0.7035 0.8621
0.9836 -0.1653
0.8783 -0.9883
-0.9904 -0.5056
0.2173 0.673
-0.7439 -0.4568
-0.3679 -0.2243
0.3781 -0.3653
-0.7293 0.7505
0.431 0.9627
-0.1486 0.1804
-0.299 -0.6122
0.4853 0.5071
0.1914 0.2413
-0.2544 -0.5494
0.7525 -0.1073
0.7943 -0.9241
-0.9966 0.8425
0.2269 0.2266
0.4245 -0.8592
-0.9917 0.1374
0.2825 0.9138
0.934 -0.67
0.1456 -0.8157
0.6554 -0.2175
0.0144 -0.4743
-0.0751 0.4769
-0.2091 -0.729
-0.6199 -0.6148
-0.9819 0.3459
-0.8515 0.1826
0.9086 -0.5416
0.7103 0.4961
0.6281 -0.4322
-0.5728 0.6594
-0.5713 0.5083
-0.5377 0.1484
-0.3092 0.7685
0.5262 -0.702
-0.6057 0.1578
0.5814 0.2691
0.2905 -0.7972
0.3598 -0.7979
-0.3552 0.5069
-0.5707 0.8396
0.6245 0.1184
0.693 -0.7225
0.0843 0.3328
-0.0569 -0.6687
-0.8913 -0.6971
0.4143 -0.6315
-0.6835 -0.743
0.901 0.0508
-0.817 0.1098
-0.3984 -0.6548
0.2988 0.7392
0.6966 0.6758
0.0831 -0.73
-0.3604 0.6127
-0.4648 -0.0691
-0.4974 -0.5128
0.0906 -0.9749
0.1108 0.6502
-0.257 0.2814
0.4838 0.4458
-0.4924 -0.2578
-0.7284 -0.4873
-0.8885 0.64
0.8406 -0.9042
0.0422 0.2814
0.0558 0.429
-0.5593 0.163
-0.66 0.3899
0.4816 -0.4396
0.6363 -0.2433
0.4476 0.1402
-0.9224 -0.5085
0.3921 0.5615
-0.7514 -0.3732
0.9016 0.3496
0.8501 0.1958
-0.8298 -0.2279
-0.5347 0.0917
-0.9711 0.471
-0.4217 0.6477
0.8514 -0.5103
-0.1167 0.4136
-0.1235 0.188
-0.174 0.7754
-0.9765 0.5773
-0.6931 0.3365
0.2446 0.3051
0.155 -0.6854
-0.8161 0.1891
0.239 0.9035
-0.3114 0.0997
-0.8633 0.7476
-0.4129 -0.4758
-0.3999 -0.5415
0.0054 -0.3146
0.8225 0.435
0.6635 0.1451
0.3229 -0.7781
-0.9005 0.0396
0.994 -0.6549
0.9414 -0.6097
0.9586 0.7048
-0.413 -0.6226
0.2185 0.4935
0.4836 -0.8603
-0.7315 0.2137
-0.9404 -0.8515
0.1146 0.5064
-0.421 0.0741
-0.3395 -0.8227
0.8446 -0.674
-0.8288 -0.3868
-0.8138 -0.6409
-0.6644 0.7954
0.5719 -0.8784
0.3966 0.4897
0.9169 -0.4608
0.2814 -0.5577
0.8545 -0.1464
0.0924 -0.4424
0.6027 -0.017
-0.2586 -0.0957
0.1292 -0.6309
0.3121 -0.9253
0.5484 0.3578
0.6841 0.2876
-0.0176 -0.1911
-0.1233 0.3799
0.7919 -0.1198
-0.2326 -0.2416
-0.6316 -0.0915
0.9482 0.9623
0.3381 0.4782
-0.2969 -0.7937
-0.0531 -0.423
-0.7481 -0.8522
-0.1344 -0.0869
0.1154 0.6896
-0.7765 -0.2831
-0.0416 -0.4033
0.7027 -0.7743
-0.2703 -0.2247
-0.9016 0.2157
-0.8668 -0.2306
0.7327 -0.197
0.128 -0.56
0.385 -0.1576
0.237 0.3188
0.6309 0.093
-0.1425 0.6299
0.3674 0.0886
-0.3361 0.2902
-0.565 0.0589
0.5434 0.0945
0.0302 -0.0886
0.3926 0.7087
0.1368 0.4327
0.0584 0.8007
-0.593 -0.0816
0.8463 0.8593
-0.7785 0.7711
-0.3729 0.4814
0.7864 0.5037
0.7709 -0.2264
-0.3463 -0.7281
-0.939 0.2452
-0.4204 0.9381
-0.9065 0.2857
0.27 -0.854
0.8085 -0.9225
-0.8194 0.5321
-0.8905 0.9494
-0.1956 0.4179
-0.2122 -0.7061
0.5026 -0.7769
-0.7289 -0.1089
-0.738 -0.4963
-0.5097 0.8782
0.8529 0.9932
0.2205 -0.5861
0.708 -0.4566
0.9208 0.5908
0.7548 -0.5648
0.8022 -0.2203
-0.1293 -0.9345
0.1872 -0.0599
0.2551 -0.9971
0.2796 -0.2133
-0.0129 -0.4552
0.6606 -0.7992
-0.927 -0.9673
0.3374 0.6826
-0.1171 -0.4887
-0.4477 -0.5138
-0.9972 -0.2272
0.5324 0.1213
0.0784 -0.8276
0.5903 0.0194
0.4086 -0.785
-0.3772 0.9411
0.3742 0.2558
-0.2028 -0.1936
-0.4262 0.2191
0.1675 0.924
0.4709 0.2987
-0.4061 0.5791
0.2929 0.6196
0.21 -0.4076
-0.0023 -0.0892
-0.0912 -0.4241
-0.3871 -0.6849
-0.8345 -0.2
0.0261 -0.2611
0.2223 0.2521
0.6091 -0.9856
0.4437 0.4904
-0.0151 -0.7881
-0.767 -0.0084
-0.2067 -0.9334
-0.1907 0.8341
0.7035 0.0349
0.883 0.8237
-0.1415 -0.319
-0.9104 -0.0673
-0.7934 0.2479
0.0759 0.2568
-0.9294 0.2499
0.5931 0.99
-0.3317 0.6631
-0.2886 -0.5477
-0.9744 0.8771
0.6481 0.0168
-0.8077 -0.4764
0.7582 -0.4053
0.9822 -0.8884
0.5036 -0.0583
0.9481 0.0931
0.5855 0.8249
0.3381 0.1188
-0.6002 0.6786
-0.8333 0.4428
-0.5486 0.1315
0.638 0.3411
0.1979 -0.3576
-0.9005 0.135
0.3741 -0.8082
-0.5774 0.7691
0.4562 -0.3105
-0.7549 -0.3663
-0.046 -0.4755
0.0822 0.8612
0.5189 0.8249
0.8823 0.4764
-0.9272 0.923
0.9821 -0.7804
0.2877 -0.7788
-0.3484 0.6715
-0.8242 0.4525
-0.6315 0.3743
-0.2359 0.7794
0.24 -0.8895
-0.7277 -0.0222
-0.1382 0.2218
-0.25 -0.7588
-0.4392 -0.5476
0.963 -0.4779
0.0544 -0.0017
-0.0269 -0.4352
0.0395 -0.0868
0.0954 0.2326
0.278 -0.5905
-0.0429 -0.6534
-0.869 0.1974
-0.5567 -0.8046
-0.3197 0.7503
-0.0592 0.8066
0.7795 0.1189
0.9761 -0.5903
-0.3306 0.8898
0.5754 -0.2441
-0.3596 0.5962
0.3742 -0.2714
-0.0708 0.3483
-0.8313 -0.2101
0.8413 -0.2381
0.8796 0.0788
0.779 -0.3889
0.074 0.0097
0.1086 0.6433
-0.9076 0.4378
0.2979 -0.9526
-0.968 -0.2621
-0.7928 -0.4229
0.4343 0.7607
0.3821 -0.1041
0.4637 0.6222
0.2789 0.799
0.2407 0.5882
0.6031 0.1206
0.9459 0.4805
-0.9959 -0.6332
0.3246 -0.7752
-0.3908 0.6723
-0.9495 0.4105
0.1554 -0.6955
-0.1672 -0.7702
-0.1935 0.2608
0.4759 -0.8482
0.0428 0.4108
0.8123 0.0232
-0.9189 -0.52
0.0468 0.4187
-0.7662 -0.3097
0.1787 0.3437
0.9149 -0.0028
-0.0701 -0.5185
-0.1847 0.9346
0.422 -0.4944
0.0654 -0.5631
0.5145 0.7197
0.7877 -0.4912
-0.0291 -0.6823
-0.4677 -0.7381
-0.0138 0.1932
-0.3693 0.2214
-0.5561 0.7764
0.5698 -0.7511
0.9443 -0.8243
0.3687 -0.8078
0.2842 -0.9498
0.9665 0.1407
-0.6839 -0.3345
0.2013 -0.3311
0.5278 0.1702
0.76 -0.0318
-0.3782 -0.7453
0.339 0.871
-0.4586 -0.8046
-0.9374 -0.9066
-0.3201 0.7012
-0.5732 0.239
0.6158 -0.5687
-0.2749 0.3797
-0.2956 0.9181
0.0989 0.3053
-0.6746 0.1106
0.1052 0.7116
0.7072 -0.7132
-0.772 0.4858
-0.1865 0.1468
0.1107 0.1096
0.4916 -0.097
0.4733 0.8862
0.6245 -0.4118
0.3366 0.4618
-0.7225 0.3819
-0.4579 0.335
0.1912 0.7832
-0.0811 0.6199
-0.2761 -0.5622
0.0658 -0.2035
0.7757 0.6202
-0.4678 -0.9664
-0.2409 0.597
-0.5783 0.0149
0.2816 0.3884
-0.1057 -0.6249
-0.1728 0.7498
-0.0139 0.3594
0.9783 0.323
0.5343 0.0622
-0.9707 -0.6492
-0.2003 0.4176
-0.1751 -0.6584
0.8127 0.6662
0.1569 0.8491
-0.4172 -0.9811
0.2236 0.1412
-0.0874 -0.1161
-0.8232 -0.0188
-0.352 -0.6225
0.3434 0.6792
-0.361 0.8209
-0.2107 0.0482
-0.5471 0.8894
0.244 -0.4533
-0.141 0.5484
0.3586 -0.6365
0.1628 0.2648
0.36 0.5864
-0.7276 -0.1694
0.3054 0.9629
-0.1202 0.0004
0.1396 -0.8239
0.0205 -0.8365
0.4461 0.4407
-0.109 -0.261
0.2959 0.0883
0.9364 -0.5495
-0.4553 0.0224
-0.6799 -0.4349
0.0218 -0.9829
0.0103 0.3358
-0.6423 -0.0374
-0.7365 -0.8686
0.7928 0.0193
-0.4045 -0.6488
0.8975 0.7342
0.0896 0.5114
-0.4926 0.226
0.1417 0.9862
0.2571 0.1184
-0.2629 -0.2538
0.415 0.925
0.3579 0.4419
-0.306 0.9039
0.0258 0.9853
-0.3937 -0.6533
-0.9444 0.3134
-0.5735 0.0694
0.4735 0.1317
0.0569 -0.1458
0.6484 0.1344
-0.3866 0.5497
-0.4557 0.6538
-0.7419 0.5821
-0.8404 -0.8532
-0.3972 0.4693
-0.6876 0.0007
-0.2304 -0.7434
-0.4601 -0.1674
0.1275 -0.9507
-0.3795 0.3035
0.3531 -0.4306
0.6962 -0.7737
-0.5582 0.421
-0.0834 -0.3191
0.9 -0.762
-0.1854 -0.2859
0.218 0.3188
-0.5019 -0.3585
0.7813 -0.6085
-0.4373 -0.7956
0.0714 -0.4837
-0.7025 -0.0383
-0.9664 0.9113
-0.8229 0.1084
-0.4723 -0.5978
-0.685 -0.3763
0.3204 -0.3954
-0.8134 0.9905
-0.8506 -0.3926
-0.7991 0.311
0.1456 0.3059
-0.1672 -0.9783
-0.6313 0.9801
-0.0634 0.5399
0.5754 -0.3868
-0.6729 0.7964
0.5541 0.1733
0.0195 -0.13
-0.0103 -0.6721
0.059 -0.2202
0.8113 0.4102
-0.5486 0.4179
0.4534 0.8359
-0.5105 0.5327
0.8215 0.8535
-0.6306 -0.329
0.4364 -0.1484
0.4578 0.062
-0.6456 0.1016
-0.217 0.1636
0.395 0.2882
0.2044 0.7396
-0.3169 -0.9274
-0.8904 -0.1931
0.2189 -0.7616
-0.6842 0.5238
-0.1989 0.8453
-0.5512 0.9765
-0.0915 0.0402
-0.5756 0.6321
-0.1163 0.778
0.9182 -0.1582
-0.0295 -0.3459
0.272 -0.6038
-0.4543 0.4782
0.3077 0.2038
0.0327 0.4601
-0.0726 -0.8298
0.4131 -0.3905
0.4617 0.1803
-0.8648 0.0966
0.7599 -0.22
0.2128 0.3674
0.6219 -0.1448
0.5764 -0.8857
0.3471 0.0746
-0.48 -0.8558
-0.1095 -0.0942
-0.9101 -0.8586
-0.63 0.2296
0.0529 -0.9471
0.1526 -0.3732
-0.6859 0.2111
0.4698 -0.9789
0.9076 0.8349
-0.4821 -0.9311
-0.5301 0.8663
-0.698 0.4527
-0.7944 0.311
-0.7619 0.7757
0.9007 0.3022
-0.11 0.2392
0.9241 0.6846
-0.7676 -0.7812
0.05 -0.5798
0.6899 -0.5214
0.9406 0.3866
-0.4048 0.9533
-0.4243 -0.6612
0.7592 0.0803
-0.8889 0.9443
-0.7168 0.9288
0.2146 0.7621
-0.8138 0.9251
-0.8489 -0.0071
0.4101 0.2165
-0.0907 -0.1383
0.001 -0.6704
-0.4746 -0.4867
-0.0914 0.4085
-0.1505 -0.1542
0.4954 -0.2156
0.7377 -0.5952
0.4091 -0.9324
-0.7458 0.178
-0.135 0.0161
-0.7964 -0.4411
0.6178 0.6687
0.1362 -0.5321
-0.1903 -0.6594
-0.6256 0.1777
-0.1109 0.7381
-0.8028 0.9665
0.1357 -0.369
-0.4268 -0.53
-0.756 0.9961
0.6412 0.3651
-0.3415 0.011
-0.0354 -0.4535
-0.1567 0.7921
-0.1864 0.1174
-0.3762 -0.7154
-0.5398 0.6075
-0.3744 0.6197
-0.352 -0.995
-0.7577 0.1255
0.6556 -0.7845
0.1956 -0.7576
-0.3626 0.1273
-0.0969 0.2385
0.3562 -0.4138
0.0799 -0.8549
0.7852 0.2771
0.7009 0.8712
-0.5033 0.2029
-0.9969 0.4861
-0.6493 0.5348
0.4548 0.5421
-0.1658 -0.0372
0.2453 -0.0899
0.352 -0.2374
-0.8211 0.9667
-0.3059 -0.4123
-0.1723 0.8407
-0.0955 -0.0665
0.0256 -0.1149
0.9781 -0.8992
0.2401 0.3235
0.2875 -0.9599
0.7967 -0.6933
0.9578 0.2001
0.4078 0.1085
-0.2337 0.9532
0.296 -0.1754
0.1328 0.0752
-0.8765 -0.8646
0.2677 -0.2714
0.3645 0.7315
0.3375 0.588
0.6436 -0.8225
-0.8851 0.9209
0.5658 0.9765
-0.159 -0.7892
-0.9826 0.0532
-0.7509 -0.8076
-0.2238 -0.4901
0.7937 0.3371
-0.8696 -0.6735
0.4256 0.3944
0.0363 -0.3641
0.2073 0.9856
0.5817 -0.9107
0.1168 -0.4541
0.1692 0.7375
0.8021 -0.6288
0.5186 0.567
0.2887 0.6053
-0.3335 0.7914
0.2206 0.2605
0.546 0.9592
-0.3314 0.0223
0.8489 0.3586
-0.3583 0.7021
0.5671 -0.6666
-0.0258 -0.5812
0.0966 -0.7965
-0.0756 0.9148
-0.078 0.2171
-0.7046 -0.6121
0.9363 -0.3722
-0.6062 0.5266
0.8667 -0.6419
-0.1724 -0.9991
-0.6854 0.1067
-0.2838 -0.0933
0.1215 0.1588
0.6002 -0.0677
0.4851 0.2901
0.2941 -0.3423
-0.6727 -0.2514
0.0033 -0.4553
-0.8192 -0.2868
-0.3751 -0.4918
0.0658 -0.2133
0.8471 -0.2892
0.2342 -0.3439
-0.072 0.5957
0.4666 -0.9348
0.6952 -0.0151
0.5983 -0.5873
-0.4179 0.6417
0.4503 0.4156
0.2475 -0.0222
0.9689 -0.7845
-0.0081 -0.2826
-0.4532 0.9974
-0.8396 0.1649
0.5438 -0.2449
-0.198 0.4437
-0.3069 0.6119
-0.0292 0.1023
0.7766 -0.2812
0.806 0.5479
0.7535 0.3435
0.8944 -0.2381
-0.7923 -0.1458
0.8973 0.714
0.6855 0.2547
0.2673 -0.6209
-0.4287 0.8191
0.8684 0.1008
-0.2025 0.0099
-0.7012 -0.4147
0.0416 0.4703
0.1616 -0.0481
-0.1453 0.6087
0.8709 0.9901
-0.0374 0.6395
-0.8654 -0.3922
-0.108 -0.9009
-0.9075 0.6706
-0.6639 -0.1496
-0.4441 0.7641
-0.0074 -0.9158
-0.4783 0.4453
0.1557 -0.5764
-0.3884 0.8489
-0.1249 0.7721
0.4878 -0.2446
-0.6518 0.1137
-0.0376 0.1193
-0.3013 -0.6063
-0.4206 -0.6573
0.7424 -0.5762
0.5491 0.6508
0.0453 -0.0181
0.2227 0.7473
-0.3343 0.1516
0.0434 0.427
-0.9296 0.2831
0.7228 -0.0859
0.187 0.7896
-0.4259 -0.1836
0.0664 -0.1592
-0.6446 -0.4151
0.1803 0.1781
0.705 0.4657
-0.5957 -0.7117
-0.0759 -0.9194
0.4951 0.5018
0.1489 -0.3599
-0.2317 -0.7563
-0.8607 -0.4113
-0.2876 0.4913
-0.4976 -0.076
-0.75 0.5434
0.1653 -0.2471
-0.7434 -0.189
-0.9148 -0.0493
0.1673 0.5593
0.2822 -0.7432
-0.8 0.4192
0.7854 -0.9293
-0.2992 -0.4442
0.5476 -0.6062
0.5827 0.1135
-0.6601 0.4214
0.1425 0.2109
-0.5243 -0.946
0.7325 0.1062
-0.2501 -0.3447
-0.2138 -0.3114
0.0876 0.4651
0.5798 0.8149
-0.8802 0.7317
-0.6674 0.2301
0.9254 0.7146
-0.7186 -0.5932
-0.6647 -0.3391
0.9283 0.3112
0.4311 -0.0411
0.7072 -0.7981
-0.6865 -0.1305
-0.3923 -0.6927
0.5905 0.7921
-0.7717 0.4314
-0.062 -0.4152
0.1009 0.2451
-0.3231 -0.5922
0.0569 -0.3262
-0.7492 0.9015
0.0515 0.3429
-0.5776 0.0833
0.9268 0.2446
-0.3573 0.0506
0.1511 -0.0096
0.8408 -0.451
-0.974 0.2062
-0.3683 0.2396
0.4522 0.6196
0.9653 0.315
0.7846 -0.0176
-0.2932 0.3882
0.3752 0.4738
0.5988 0.6366
0.6333 0.2557
0.124 0.8958
0.1158 0.2613
-0.7921 0.6908
0.5371 0.7571
-0.8499 0.1441
-0.7092 0.5749
-0.8563 -0.9088
-0.9085 -0.2446
-0.3818 -0.0312
-0.9267 -0.5957
0.9367 0.4291
0.8477 -0.9294
-0.7438 -0.4615
0.4418 0.5579
-0.2339 0.5981
-0.1496 0.8628
-0.0516 -0.5757
-0.2652 0.895
0.4658 0.2193
-0.3261 0.9521
0.8173 -0.7458
-0.3355 -0.6816
-0.2682 0.4451
-0.7033 0.5517
-0.4439 0.5806
0.773 0.8811
0.6719 0.3001
-0.7329 -0.6963
-0.1383 0.159
0.9915 -0.9996
0.94 -0.2905
0.7072 -0.1773
0.0963 -0.5283
-0.7392 -0.0741
-0.5667 0.0635
-0.7801 0.6273
-0.7652 0.1375
-0.2716 -0.3759
0.7414 -0.4125
-0.9089 0.8588
-0.8684 -0.7638
0.1925 -0.7333
-0.2317 0.4116
-0.2311 0.6287
0.1265 0.5459
0.1391 -0.199
0.6081 0.516
-0.9668 0.3344
-0.9751 0.3289
-0.9666 -0.0395
0.3562 0.1516
0.8039 0.1515
0.7137 -0.768
0.5524 0.4695
-0.7572 0.6668
-0.3335 0.9517
0.8002 -0.258
0.9235 -0.0893
0.1264 -0.37
0.6981 -0.7019
-0.6796 0.1354
-0.7022 0.8692
-0.0194 0.977
0.0938 0.2438
-0.3705 0.9345
0.142 -0.3746
0.2413 0.5554
-0.8596 0.2815
0.5008 -0.5238
0.3258 -0.6671
0.5493 -0.392
