-0.0554 0.9114
0.9682 0.7348
0.5112 0.7306
-0.3227 0.1433
-0.1885 0.1585
-0.0523 -0.7956
-0.623 -0.6025
-0.7585 -0.7598
0.5177 0.3758
-0.9203 0.1663
-0.6764 -0.1996
0.864 0.1625
0.9003 -0.3848
-0.5468 -0.7827
0.439 0.0077
0.2612 -0.3262
-0.7342 0.9825
-0.986 -0.198
0.3194 0.0065
-0.3568 -0.3486
0.8055 0.5806
0.1271 -0.9744
-0.7583 -0.1009
-0.6901 0.4707
0.4232 -0.4946
-0.0846 0.4388
-0.1657 -0.4942
-0.8986 0.4985
0.6662 0.2369
0.5459 0.0078
-0.4458 0.958
0.7008 0.5364
0.3514 0.0244
-0.164 -0.5487
-0.5735 -0.1194
-0.482 0.9064
0.5455 -0.5511
0.0611 0.4576
-0.3656 0.5745
0.9458 0.4124
-0.4074 -0.3429
0.8945 0.1883
0.4098 -0.3513
0.5355 0.4412
0.9668 0.9207
-0.2684 -0.6957
-0.9032 -0.1823
0.7599 -0.319
0.5233 -0.88
0.8076 0.0072
0.102 -0.4753
0.8595 0.5955
0.3016 -0.224
0.4401 -0.2452
0.3385 0.9216
0.0212 -0.8808
0.9502 0.7677
-0.9713 0.1565
0.6282 0.3638
-0.6435 -0.5751
-0.6875 0.9596
-0.963 0.3131
-0.5234 -0.1532
0.0687 0.9096
-0.8126 0.1676
-0.4885 0.2827
0.6192 -0.606
0.0324 -0.4719
-0.6414 0.7849
-0.7041 0.1869
-0.9112 -0.8735
-0.5621 0.6395
-0.0717 0.856
0.4285 -0.5615
0.5421 -0.5929
0.4223 0.1358
0.2255 0.9932
-0.4062 -0.1552
-0.2009 0.967
-0.0482 0.4979
-0.4798 -0.0787
0.8808 0.1271
0.811 0.6531
0.845 -0.9259
-0.6686 0.5302
-0.7752 -0.1633
0.1563 0.2815
-0.5795 0.8338
0.2108 0.8222
0.763 -0.2377
-0.7565 0.9278
-0.3421 0.3398
-0.4388 -0.0559
0.6776 0.5206
0.8741 0.8659
0.4571 0.289
-0.5423 -0.7137
-0.4021 -0.9378
-0.3519 0.5405
0.2352 0.6492
0.9262 -0.881
-0.737 -0.0388
0.1667 -0.7409
0.1615 0.2621
0.4306 -0.0637
0.6307 -0.8637
-0.7504 0.6439
-0.7888 -0.3019
-0.9608 -0.9379
-0.5411 0.4819
0.3499 -0.9133
0.506 -0.538
0.36 -0.8326
0.0995 0.9782
0.3079 0.3875
-0.109 -0.1925
-0.3149 0.3811
0.7713 0.78
-0.8522 0.4538
-0.3629 0.0435
-0.5998 0.197
-0.0113 0.6758
0.4486 -0.9752
-0.2208 0.2272
-0.738 0.65
0.3287 0.8072
0.3528 -0.5763
-0.3717 -0.565
0.3612 0.0227
0.4696 -0.0898
-0.4643 0.8932
0.0012 -0.7795
-0.225 0.7027
-0.8645 -0.6067
0.6022 0.9618
-0.3934 -0.2638
0.7819 -0.0966
-0.2386 -0.4503
0.0557 -0.2549
-0.5187 0.0806
-0.3397 0.0484
-0.0274 0.3971
0.0081 -0.6881
0.5308 0.3277
-0.1297 -0.3395
0.499 -0.8654
-0.9072 -0.2304
-0.9048 0.9203
0.6664 -0.6604
0.4608 0.2517
-0.2859 0.7397
-0.7308 0.5894
0.9182 0.7873
0.6483 0.5202
0.0058 0.9452
0.0401 -0.1732
0.9146 0.5199
0.4858 -0.0162
0.1045 0.9016
-0.6981 0.8024
-0.744 0.2455
0.776 -0.9032
-0.839 -0.4838
0.9775 -0.8926
-0.9031 -0.1093
-0.3811 0.1054
-0.3601 0.7111
-0.8413 -0.9725
0.8121 0.0489
-0.4395 -0.0641
0.0803 0.8081
-0.6616 -0.9325
0.5981 0.7353
-0.287 -0.2955
0.788 -0.9231
-0.1397 -0.2943
-0.2566 -0.196
0.0423 -0.4027
-0.0019 -0.2593
0.9239 0.8673
-0.8115 0.0683
-0.4969 -0.6126
0.1553 0.6262
0.1736 -0.8165
0.1133 -0.0289
0.4348 -0.2544
-0.2314 -0.7218
-0.0809 -0.6979
0.2561 0.4743
-0.4613 -0.7843
0.8101 -0.2995
-0.17 0.3401
-0.6935 0.571
0.4274 0.8134
0.3928 -0.4987
0.8372 0.5244
0.2054 0.8406
0.9183 -0.3084
-0.4781 0.0084
-0.9681 -0.4527
-0.8627 -0.6341
0.3213 -0.1491
0.8684 -0.414
-0.5438 0.234
-0.735 0.9667
-0.5259 0.1942
0.1822 -0.7427
0.5345 -0.3994
-0.334 0.9176
0.5864 0.152
0.9251 0.2564
0.1508 0.6332
-0.5027 -0.2169
0.8169 -0.7132
0.8993 0.8212
-0.4981 -0.4724
0.6961 0.7717
-0.4698 0.3579
-0.8075 -0.2199
0.8324 -0.7216
-0.81 -0.5813
-0.0183 0.4952
-0.0596 0.8501
-0.5599 -0.3537
-0.603 0.8564
-0.6246 -0.2042
0.0736 -0.7744
-0.4926 0.053
0.8522 -0.0757
-0.8649 -0.4785
0.7677 -0.183
-0.7313 0.4647
0.434 0.5008
0.3586 -0.0574
0.478 -0.3897
-0.8351 -0.9223
-0.3291 -0.8811
0.4088 0.9839
-0.5892 0.3553
-0.5941 0.2274
0.8447 0.0278
0.9172 0.1479
0.0587 0.2844
-0.7923 0.8402
0.439 0.187
0.8901 0.3791
0.6677 0.0211
0.6493 -0.257
-0.8753 0.372
0.8197 -0.659
0.0328 0.8175
0.8486 0.2109
-0.2011 -0.4764
-0.0707 0.8167
-0.5227 -0.0743
-0.8071 0.8821
0.4883 0.4104
0.4805 -0.9116
0.7221 -0.3167
0.2166 0.2398
-0.2408 0.3991
0.3887 -0.1333
-0.3724 -0.8863
0.417 0.7266
-0.334 0.3419
-0.1106 0.7094
0.2507 -0.821
-0.5094 -0.2725
0.6878 -0.0175
-0.1199 -0.5864
0.0782 0.2572
0.0081 -0.2291
-0.4937 -0.1349
-0.7994 -0.9973
-0.8232 0.3412
-0.8402 -0.7436
0.8165 -0.4379
0.8852 0.2919
-0.8367 -0.4676
-0.347 0.5111
-0.602 -0.9464
0.7931 0.8983
-0.1894 -0.2911
0.2892 -0.5246
-0.5732 0.7652
-0.5429 0.5505
0.8282 -0.2066
0.7858 0.3986
0.5488 -0.3594
-0.7496 0.2733
0.676 -0.2702
-0.3237 0.8136
0.2375 -0.7092
-0.6253 -0.6017
0.1404 0.221
-0.8779 0.5217
0.3863 0.0233
-0.4077 0.2227
0.4029 0.2306
0.7344 -0.7859
-0.8092 0.4198
-0.6482 -0.9246
0.2927 -0.3461
0.558 0.8611
0.7635 -0.055
0.8008 -0.4106
-0.823 -0.8456
0.4286 -0.5647
-0.8139 0.5826
0.8715 -0.2984
0.1122 -0.5832
-0.8006 0.3646
0.378 0.1709
-0.2096 -0.7081
0.5936 -0.1063
0.1899 0.6236
0.5125 0.1061
0.0109 -0.6746
-0.6967 0.1913
-0.3087 0.8605
-0.8945 0.9008
0.9546 -0.2257
0.671 0.8928
-0.0533 0.8742
-0.6268 0.8633
0.9155 -0.808
-0.2169 0.5994
-0.2003 0.1342
-0.2169 0.4029
-0.1793 -0.9013
-0.5691 0.5785
-0.2073 0.6264
-0.0396 0.1325
0.3271 -0.8651
-0.8658 0.8979
0.0459 -0.7938
0.0954 0.4825
0.0699 0.1741
-0.4086 0.083
-0.6596 0.3902
0.5761 -0.0327
-0.5797 -0.6762
0.3127 0.33
0.6935 0.5507
-0.5278 -0.7948
0.897 -0.9375
-0.1169 -0.0454
-0.1612 -0.7238
0.7742 -0.4496
0.4946 -0.7571
0.5256 0.7716
-0.0978 0.7857
0.521 0.2983
-0.822 0.4208
0.6238 0.0877
0.8047 -0.7799
0.6831 0.6148
-0.4368 -0.5258
0.0974 0.9498
-0.4674 0.9682
-0.4436 -0.3523
-0.2988 -0.2051
0.927 0.0287
-0.8497 0.8038
-0.0122 0.2715
0.1866 0.8665
-0.1956 -0.0844
-0.1907 -0.0419
-0.4006 -0.1527
-0.7321 -0.4759
-0.7976 0.2148
-0.3635 -0.5422
0.6052 -0.5571
0.1906 0.4238
0.8966 -0.8102
0.6756 -0.1047
-0.2171 0.4579
0.6106 0.3474
-0.4348 -0.6461
0.5338 -0.183
0.6057 0.0317
0.1555 -0.539
0.5339 -0.4464
0.546 0.1828
-0.1195 0.8246
-0.9387 0.5402
-0.7518 0.1062
0.7092 -0.517
-0.9605 0.4738
0.3858 -0.1604
0.7914 -0.5409
-0.867 0.2332
0.8254 -0.1158
-0.1711 -0.3525
-0.6066 0.5727
0.3148 0.5243
0.1148 0.8975
-0.8157 0.5323
0.4917 0.2186
-0.123 0.4128
0.6887 -0.263
-0.3903 -0.1806
0.2176 0.6284
-0.4394 -0.8861
-0.0373 0.7054
-0.8075 -0.9956
-0.2486 -0.9545
0.2705 -0.9115
0.2817 -0.459
-0.3641 0.2405
-0.6357 0.3897
0.1335 0.8338
-0.5097 0.7372
0.6652 -0.0727
-0.3623 -0.5165
0.1073 -0.6301
0.4606 0.2793
-0.4084 0.7455
-0.041 -0.2649
-0.6567 -0.3631
-0.4423 -0.1273
0.7437 0.579
0.5606 -0.7004
-0.8446 -0.6685
-0.2414 0.5205
-0.6485 0.9353
0.7426 0.9756
-0.2725 -0.8279
-0.8834 0.6238
-0.4121 0.3635
0.7998 -0.384
0.0939 -0.5352
0.3231 0.2889
-0.8234 0.4611
0.1167 -0.4691
0.6268 0.149
-0.5848 -0.8832
-0.8328 -0.2273
-0.8464 -0.7824
-0.0737 -0.5081
0.0218 -0.3164
0.7944 0.7444
0.4113 0.5533
0.4275 0.2045
0.6886 0.1425
-0.9848 -0.4731
-0.4919 0.9044
-0.756 -0.7733
0.2228 -0.2792
0.7743 -0.6848
0.8887 0.7519
-0.3059 0.6567
0.5206 0.0437
0.7922 0.7105
-0.0345 0.0672
-0.7045 0.2437
-0.7542 -0.6635
0.7266 0.3329
0.7758 -0.8083
-0.7349 -0.9636
0.5779 -0.337
-0.5965 0.6888
-0.1803 0.2331
-0.3512 -0.665
0.7692 0.4815
0.1026 0.2412
0.4523 0.109
-0.3502 0.188
0.391 -0.0906
-0.265 -0.7732
-0.0911 0.21
-0.6435 0.5417
-0.2106 -0.2868
-0.6315 0.4246
-0.4499 -0.0933
0.7389 0.7727
-0.5638 -0.0154
0.1319 0.5877
-0.9619 0.0296
0.9662 -0.1801
0.1649 0.149
0.6602 0.5216
-0.8864 0.4465
0.5677 -0.8174
0.8369 -0.0628
0.3681 0.2356
-0.6675 0.0412
0.3121 0.6743
-0.6489 0.7626
-0.3379 0.1518
0.485 -0.4132
0.6638 -0.3907
0.3545 0.2393
-0.6185 -0.7544
-0.2952 0.386
-0.5201 0.1597
-0.1632 -0.7671
-0.581 0.1943
-0.2853 0.4714
0.2906 -0.2168
0.7575 -0.6647
-0.9773 -0.2153
-0.9101 0.4237
0.9601 0.4283
0.9827 -0.6411
-0.1986 -0.9005
0.6713 -0.7565
0.77 -0.7643
-0.9401 0.8909
-0.2299 0.1671
-0.173 0.3205
0.2017 -0.2698
0.3519 0.2231
0.7166 0.4839
0.0963 0.5041
-0.1767 0.902
0.3458 -0.6529
0.4307 -0.2512
-0.1391 -0.4
0.4432 -0.1526
-0.0895 0.3649
0.2817 0.5545
0.0083 0.3956
-0.4952 0.701
-0.3723 -0.1655
0.0497 -0.2447
0.7714 -0.0914
-0.1127 0.0617
-0.56 -0.3462
-0.7818 0.3752
-0.6802 -0.1822
0.6081 -0.8707
0.1568 0.9965
0.0532 0.8213
-0.912 -0.3517
0.444 0.0106
0.7797 -0.2426
0.2108 0.9255
-0.5784 -0.0807
0.2917 -0.0669
-0.3232 -0.5051
0.1311 0.7195
-0.2004 0.1391
-0.5976 0.4309
-0.3288 -0.8317
-0.6343 -0.8237
-0.168 0.9796
-0.2202 -0.7504
0.6224 0.0751
-0.9402 0.2612
0.7996 -0.5378
0.9299 0.6835
0.3988 -0.0198
0.5905 0.2256
-0.2773 0.0656
0.7439 -0.2279
0.6451 0.0376
0.5493 -0.4283
0.1679 -0.2268
0.4465 -0.3829
0.8683 0.0775
0.5266 -0.5348
0.9938 0.1768
0.7933 -0.5382
0.5123 0.3854
-0.0202 -0.0792
-0.4667 -0.5894
-0.0872 -0.0774
-0.8227 0.4665
-0.4027 -0.5083
0.0975 -0.1174
0.9443 0.7803
-0.5216 -0.0791
-0.3548 -0.8701
0.9594 -0.1393
0.1826 0.5921
0.6696 0.7357
-0.4917 0.9056
-0.6907 -0.8368
-0.6547 -0.5114
0.7907 -0.9434
0.3751 -0.6129
0.404 0.2109
0.3228 0.4974
0.7562 -0.8286
-0.3634 -0.0449
0.1133 0.3565
0.2008 -0.2344
-0.595 -0.47
0.0144 -0.5166
-0.6755 0.7312
-0.6112 -0.4391
-0.916 0.7076
-0.6268 0.7274
0.4033 -0.4546
-0.9486 0.8613
0.1109 -0.1138
0.8963 -0.5095
-0.5284 0.2182
-0.4792 0.2047
-0.3746 -0.9393
-0.292 -0.8773
-0.0822 -0.9545
0.5478 -0.1848
-0.0007 0.3078
0.3776 0.0478
-0.4186 -0.4903
-0.4972 -0.7584
-0.7011 0.1473
0.8735 0.7977
0.23 -0.1962
0.2842 0.0966
-0.4195 -0.8238
-0.751 -0.3502
-0.6706 -0.1207
-0.9971 0.9231
0.4067 0.5839
0.9419 -0.9542
0.4417 -0.1692
-0.0801 0.6044
0.4414 0.4263
-0.536 -0.9607
-0.8765 -0.9052
-0.2587 0.0253
-0.1287 -0.5725
-0.1679 0.1927
0.33 0.3592
0.5956 0.7874
0.5946 0.9295
0.3746 -0.237
-0.5458 -0.7784
0.3206 0.0186
-0.1772 -0.1767
-0.0024 -0.9712
0.0575 0.6599
-0.8948 0.4363
-0.2002 -0.2901
-0.3571 0.1002
0.8058 -0.0128
-0.7285 0.9403
0.9525 0.8515
0.3657 -0.8166
-0.983 0.8541
-0.4576 0.5394
-0.4003 0.6532
-0.145 -0.1609
-0.112 0.6956
-0.9361 -0.1484
-0.2106 -0.259
0.4277 -0.8632
0.8704 -0.8704
0.0227 0.1276
0.6928 -0.26
0.4492 -0.0814
0.6213 -0.2523
0.9112 -0.6952
-0.1893 0.2249
0.5738 -0.0704
-0.7732 0.6025
-0.6071 -0.5888
-0.1317 0.7541
-0.433 0.3135
0.4302 -0.3342
0.3377 0.0114
-0.0859 -0.106
0.7582 0.0955
0.8551 -0.1344
-0.0209 0.4688
0.59 -0.1188
-0.7807 -0.7414
-0.6695 -0.2154
-0.2489 0.1402
-0.0795 -0.8672
-0.212 -0.1301
0.6735 -0.6023
0.0779 0.5737
-0.4138 0.13
0.4207 0.552
-0.6228 -0.1575
0.0849 0.3494
-0.1617 -0.3258
-0.7683 -0.4493
-0.3359 -0.3908
-0.4371 0.6034
0.5219 -0.2785
-0.3162 0.5164
0.2075 0.6804
-0.9992 -0.7512
0.5323 -0.8742
-0.6969 -0.7238
-0.2012 -0.1908
0.7811 0.0438
-0.8561 -0.7866
0.3203 0.533
-0.2536 0.1952
0.52 -0.1012
-0.2772 -0.563
0.0174 0.4241
-0.7054 0.0901
-0.8186 0.3142
0.5317 0.3714
-0.1349 0.2437
0.1921 -0.8866
0.7811 -0.6614
0.717 0.8615
0.7764 0.15
0.1674 0.857
0.8047 -0.9864
-0.2767 -0.0153
-0.1351 -0.4552
-0.109 -0.4299
0.0434 -0.8405
0.5341 0.706
-0.6885 0.1972
-0.619 -0.9623
-0.7823 0.4967
-0.8723 0.4757
-0.3859 0.3239
-0.2787 -0.4104
0.2565 0.6672
-0.5145 0.0438
0.9126 0.1049
0.5002 -0.163
0.43 0.5
0.6032 0.2551
-0.2337 0.6194
-0.6464 -0.6602
0.8616 0.6515
0.9591 -0.4663
0.3858 0.9473
0.4859 0.867
0.0484 0.2651
0.1896 -0.7318
-0.444 -0.8549
-0.7177 -0.791
0.9717 -0.8384
0.3768 -0.455
-0.4106 0.8246
-0.6191 0.5873
0.5242 -0.2512
-0.1661 -0.9888
0.3095 0.6629
0.6765 0.9931
0.8382 0.9359
-0.0352 -0.8177
0.6513 -0.4614
0.9546 -0.6356
0.4271 0.1671
0.0733 0.7487
-0.3037 0.7534
0.0342 -0.4611
0.5212 -0.8221
0.2883 -0.6646
0.9287 -0.0701
0.8143 0.9325
0.1735 0.1958
-0.4628 0.7137
0.457 0.6805
-0.4142 0.756
-0.974 0.6339
-0.9983 0.8231
0.5247 0.3626
0.7444 0.5311
-0.043 0.2662
-0.1963 0.728
0.471 -0.8493
-0.9967 -0.6693
-0.9865 0.5899
-0.6406 -0.1709
0.9475 0.4477
-0.3797 -0.0505
0.0184 -0.7713
-0.2797 0.5378
0.3476 0.6011
0.9882 -0.1168
-0.386 0.7029
0.9929 -0.4665
0.9345 -0.9388
-0.4096 0.4694
-0.4673 0.0726
-0.1807 -0.4821
0.2396 0.743
0.5336 -0.9186
0.9816 -0.052
0.8435 -0.6223
-0.9201 -0.0603
0.2592 0.5175
-0.852 0.3232
0.4844 -0.9133
0.0755 -0.7336
-0.7678 0.1979
0.8807 -0.6478
0.9556 0.6634
-0.3622 0.2012
0.1552 -0.782
0.4437 0.4119
-0.0146 -0.6763
0.4703 -0.3113
0.2362 -0.5903
0.6915 -0.8966
-0.4271 -0.1501
-0.2391 -0.5736
0.9404 0.9005
0.66 -0.4156
-0.0928 -0.3349
0.0766 0.9035
-0.5882 -0.2831
-0.7093 -0.7301
-0.741 -0.344
-0.1249 -0.1746
-0.8126 -0.7066
-0.2182 0.9536
0.5003 0.0095
0.0636 0.7531
-0.9871 0.4884
0.7181 0.586
-0.9016 -0.829
0.612 0.0537
-0.2515 0.7606
0.968 0.1379
0.5611 -0.5842
-0.2217 -0.2929
-0.4792 0.9822
0.9225 0.4466
-0.243 0.5789
-0.8815 0.749
-0.1891 -0.3553
-0.8085 0.8451
0.3957 0.7798
0.9076 0.332
-0.9334 -0.711
-0.4902 -0.8408
0.6844 -0.6762
0.9338 0.723
0.7659 0.8684
-0.2555 0.2893
0.7314 -0.2147
0.6571 0.9238
-0.0185 0.1998
-0.9671 -0.0099
0.2591 0.1006
-0.601 0.3182
0.2297 -0.3543
0.7847 0.4703
-0.4963 -0.3953
0.8979 0.2654
0.2199 -0.8844
0.6289 -0.0035
-0.5296 -0.3666
0.9425 0.6508
-0.6314 0.6153
0.4693 0.0376
-0.6132 -0.1306
0.5797 -0.0703
-0.9862 -0.1671
0.629 -0.6748
-0.1673 0.2459
0.323 0.4735
0.942 0.861
-0.5111 0.665
0.7886 -0.1339
0.5723 0.174
0.104 -0.3075
-0.5851 -0.5126
0.5248 -0.5232
0.9131 0.8375
0.1276 -0.8193
0.4631 0.5693
-0.0341 -0.6432
0.4171 -0.207
-0.0083 0.7081
-0.8145 -0.4466
-0.705 0.7112
-0.5116 0.7716
-0.7206 0.6865
0.6012 0.2624
0.3772 -0.2493
-0.8219 0.4217
-0.7728 0.3365
0.6145 -0.2344
-0.8696 0.5046
-0.7837 0.9274
-0.6267 0.3888
-0.9132 0.3772
-0.957 0.7974
0.5646 -0.7588
-0.4018 0.8173
-0.9762 0.4626
0.2264 -0.8589
0.5357 0.6807
0.3545 -0.8182
-0.6219 0.8428
-0.1719 0.4376
0.5288 0.1558
-0.3238 0.2069
-0.0017 -0.6108
-0.599 0.4372
-0.8845 0.1427
0.332 -0.1401
-0.2333 -0.0301
0.7188 0.7231
-0.8589 0.6369
-0.176 0.5683
-0.0171 -0.9242
-0.0956 0.9478
0.5718 0.165
0.7823 -0.7797
0.3191 0.7684
-0.2099 0.7017
0.0501 0.5531
-0.9145 0.5551
-0.0301 0.5343
-0.6183 0.0241
0.6802 0.7987
0.3452 -0.3918
0.37 0.326
-0.0656 -0.8809
-0.2558 -0.1908
0.9018 -0.2997
0.7696 0.1817
0.2451 0.1465
-0.7268 0.7953
-0.672 0.0124
0.4496 0.101
-0.4144 0.9593
-0.5896 -0.6996
0.19 0.3893
0.5146 -0.0879
0.5348 -0.7803
-0.0971 -0.9323
0.3745 -0.6813
0.0253 0.2156
0.175 0.0473
-0.7824 0.2966
-0.6861 -0.1561
0.1561 0.6616
0.6954 0.8011
-0.8652 -0.8236
0.3195 -0.5232
-0.3671 0.0414
-0.8155 -0.5181
0.8349 -0.0162
0.9323 0.285
-0.7744 0.6004
0.6392 -0.4626
0.0752 -0.3886
-0.2261 0.079
0.8496 0.7986
-0.5526 0.4601
-0.742 0.4416
0.9009 -0.5858
0.4637 -0.8591
0.7584 -0.3839
-0.0828 -0.5158
-0.5305 0.7538
0.2815 0.1441
-0.0679 0.7696
-0.0862 0.8018
-0.0879 0.8842
-0.8338 -0.9026
0.9323 -0.9704
0.6813 -0.0716
0.6851 0.9643
0.0404 0.5018
-0.4354 0.4495
0.5773 -0.811
0.4643 0.5291
0.6489 0.2299
0.3117 0.8118
0.7504 0.9577
0.3746 -0.9293
-0.9466 -0.7172
0.9022 0.8782
0.2932 -0.9209
-0.8641 -0.232
-0.7334 0.7078
-0.3408 0.867
0.1085 -0.1474
0.8792 0.4649
-0.0893 0.6833
0.1285 -0.4484
-0.0997 0.9948
-0.4045 -0.0244
0.1118 0.7638
-0.4464 -0.2176
0.3594 -0.3792
0.235 0.212
-0.7138 0.9637
-0.7425 -0.8167
-0.0465 0.7587
-0.8662 -0.0956
-0.9326 0.9973
-0.5127 -0.1435
-0.1585 0.6617
-0.536 -0.4765
0.852 0.5095
0.8377 0.7106
-0.8018 -0.378
-0.5677 -0.9003
0.3837 -0.373
